X <- 3^2 + 2 
y < 1 +2 